2016.963 4.985249 2043.011
2095.154 2.989716 2059.211
1959.389 5.872238 2068.458
1989.612 4.724546 2090.529
1965.325 6.627018 2020.139
2026.002 3.521656 2110.725
2068.952 4.469351 1996.967
2033.471 5.664293 1971.653
1865.356 8.589271 1761.559
1880.639 9.187449 1817.716
1910.197 8.233034 1764.917
1810.123 9.172845 1786.438
1801.331 8.446349 1748.081
1911.387 7.221369 1702.568
1828.433 9.577586 1816.551
1938.318 7.512081 1736.622
1745.438 9.820451 1838.223
1698.684 8.411212 1783.841
1766.722 8.801198 1772.007
1742.435 10.30101 1881.527
1714.595 9.810554 1854.198
1773.509 10.47896 1908.323
1681.933 9.771482 1876
1745.959 9.167168 1797.547
1615.734 9.472303 1945.2
1554.246 8.523921 1991.029
1630.824 9.447849 1912.009
1538.171 7.937117 1949.532
1673.588 10.25228 1977.725
1629.207 9.775146 1976.96
1664.403 10.08914 1936.522
1580.432 8.894425 1958.445
1611.007 9.497067 2017.193
1605.123 8.57501 1877.839
1438.572 3.79998 1820.588
1512.811 5.193021 1805.215
1554.826 5.417028 1769.269
1472.692 4.861239 1838.092
1853.102 5.880549 2164.266
1842.797 7.126742 2120.366
1807.844 5.946714 2190.654
1912.52 5.854755 2117.853
1901.402 3.813801 2217.729
1847.085 4.997602 2206.323
1920.438 4.412184 2171.797
1780.073 7.125298 2157.522
1888.013 5.588146 2149.744
2155.98 4.027926 1768.314
2185.055 3.476945 1797.335
2233.62 2.449612 1772.062
1992.643 1.652012 2292.909
1957.89 2.581223 2231.979
1984.368 1.883619 2361.626
2037.912 1.645692 2350.303
1963.094 1.925052 2324.275
2030.823 1.276629 2308.579
2043.835 1.195041 2248.164
2068.725 1.069756 2307.856
1953.777 2.221166 2273.963
2085.349 1.234515 2185.992
2021.674 1.831603 2209.058
2136.574 0.8661024 2184.12
2094.192 1.976068 2125.899
2075.944 0.967341 2224.631
2040.362 2.226925 2165.242
2108.017 0.7205205 2242.846
2154.135 1.10128 2151.38
2118.399 1.280349 2154.358
2236.8 1.478296 2209.547
2268.409 2.017305 2232.589
2237.472 1.60365 2259.351
2299.12 2.482191 2189.481
2197.694 1.063072 2178.398
2246.119 1.56931 2174.319
2183.51 1.015707 2262.261
2390.96 4.855682 2200.33
2335.184 3.2298 2178.813
2381.445 3.994417 2141.67
2430.666 5.133054 2132.912
2450.579 6.814426 2223.23
2421.176 6.312614 2271.712
2451.391 6.187213 2170.474
2343.931 3.788228 2237.494
2377.976 4.73765 2231.061
2487.459 6.666007 2142.95
2549.035 8.310715 2163.965
2487.894 7.333145 2184.106
2428.032 5.885741 2195.509
2527.399 8.394895 2193.214
2500.962 6.287533 2107.79
2504.188 8.19722 2219.316
2467.863 5.495995 2102.666
2194.727 7.240744 2503.381
2182.971 8.74656 2548.859
2239.831 8.000133 2515.677
2129.621 5.373974 2463.693
2165.209 4.588515 2433.03
2219.983 4.972845 2428.613
2128.547 8.438122 2546.382
2198.096 5.73404 2458.183
2120.32 6.957383 2507.365
2250.023 5.93551 2447.791
1790.082 2.705316 2548.227
1854.205 4.286506 2584.49
1744.096 2.66861 2606.242
1800.645 2.669031 2485.465
1778.142 2.636717 2510.99
1808.77 3.758227 2625.022
1749.223 2.525906 2562.195
1810.576 3.358608 2582.78
1827.789 2.987067 2529.752
1743.788 2.552822 2525.67
1850.489 3.013863 2504.979
1734.511 2.660534 2488.778
1766.835 2.701061 2474.59
1546.849 2.059441 2613.598
1571.717 2.080377 2579.651
1547.418 2.375282 2544.653
1532.352 1.942784 2670.951
1589.372 2.286584 2549.817
1513.532 2.152256 2613.285
1586.331 1.927325 2650.4
1516.918 2.192548 2575.349
2794.358 12.53715 2264.123
2738.543 11.22379 2212.924
2736.486 12.719 2295.718
2811.031 11.27306 2211.379
2719.969 11.71478 2241.328
2748.86 12.31896 2261.195
2827.568 12.9065 2282.169
2859.962 11.83926 2240.007
2861.98 12.9824 2291.35
2765.657 13.25846 2328.44
2813.57 13.51401 2333.631
3017.108 11.13747 2264.323
3055.834 11.6281 2297.906
2994.551 12.77157 2329.206
3009.946 8.783487 2189.227
2967.245 11.85172 2271.49
3074.512 10.64332 2266.935
3050.939 10.04024 2239.985
2966.985 10.89558 2237.475
2972.071 5.860824 2099.004
3007.838 6.208558 2118.898
2924.862 9.131852 2171.346
2967.11 9.002348 2181.43
3030.186 5.202742 2093.942
2980.528 4.500404 2063.58
3048.249 7.089884 2152.738
2912.05 7.674739 2127.754
2928.143 5.641349 2078.058
2982.543 7.297368 2139.969
3182.001 7.220129 2073.776
3185.808 7.859054 2127.896
3222.792 8.117589 2049.914
3133.113 6.546311 2109.49
3134.059 5.527691 2021.393
3166.338 6.321063 1995.406
3115.459 5.423756 2056.132
3205.625 7.556388 1995.522
3193.895 7.222955 2028.136
3244.879 8.845741 2091.07
3224.969 8.61487 2129.081
3255.394 9.040598 2055.2
3245.25 8.778831 2020.673
3209.986 8.072459 2096.178
3148.219 6.306816 2065.81
3335.145 11.13873 2014.997
3403.891 12.86294 1984.152
3401.82 11.71903 2044.26
3294.792 10.7461 1954.521
3294.292 10.35955 1992.653
3346.909 10.55155 2092.204
3380.473 13.10478 1951.126
3311.677 10.2433 2059.574
3370.365 11.78254 2013.546
3054.243 4.580706 2067.698
3068.969 3.369585 1970.181
3077.921 4.15951 2024.766
3104.664 4.420455 1984.752
3016.86 3.907377 2049.147
3003.488 2.321641 1977.078
2856.885 10.01121 2178.258
2929.992 11.8576 2259.019
2890.295 13.31544 2321.987
2888.546 10.11537 2189.481
2359.917 1.22587 1905.492
2408.392 1.794808 1933.968
2281.708 1.698551 1890.195
2402.393 1.145649 1873.832
2362.131 1.603488 1951.203
2316.451 1.327076 1867.805
2375.163 2.063508 1983.603
2342.303 1.090011 1844.355
2327.604 1.460789 1950.316
2587.547 2.71664 1888.661
2625.654 3.006497 1895.921
2586.701 1.757427 1829.138
2610.664 3.948307 1943.969
2559.865 2.211575 1869.261
2653.822 3.581441 1921.409
2666.542 2.927374 1888.241
2616.334 2.075158 1845.35
2567.815 3.961696 1957.732
2542.352 2.897503 1916.275
2740.507 3.22912 1913.21
2800.803 2.432718 1890.409
2756.42 2.05327 1845.259
2720.602 4.492495 1968.128
2772.45 3.799626 1955.07
2758.049 2.556998 1880.277
2751.184 4.62773 1984.499
2687.51 4.289347 1953.364
2797.226 3.07863 1927.987
2709.737 2.247476 1851.095
2793.135 2.028349 1857.136
2693.537 3.371635 1911.37
2737.044 1.730244 1814.789
1179.497 4.511034 1976.76
1171.074 5.423279 1898.099
1106.053 7.257139 1978.507
1134.318 6.072675 1939.75
1225.575 3.833532 1965.602
1178.891 4.121306 1930.932
1233.053 4.701952 1997.996
1144.921 6.195518 2026.802
1219.764 3.222151 1928.519
1191.886 5.850718 2030.799
1300.979 7.602702 2141.812
1342.541 7.560101 2164.992
1356.069 7.262239 2134.267
1252.171 8.430986 2169.958
1231.005 8.175385 2138.411
1311.786 6.45139 2074.763
1285.514 8.343017 2203.04
1276.013 6.57224 2077.343
1235.55 7.371662 2102.315
1052.81 10.9893 2151.128
1041.492 10.16647 2101.363
1129.097 9.656664 2145.949
979.1169 12.17596 2162.84
1038.244 12.27855 2202.156
1102.628 11.22953 2205.989
1087.708 10.58311 2156.71
986.9092 12.39575 2108.966
1123.668 10.4565 2180.62
1365.47 3.531017 2544.356
1440.279 2.879249 2538.138
1332.675 4.111824 2537.493
1402.148 3.252736 2526.779
1346.084 4.685819 2472.677
1357.609 3.336355 2595.589
1429.463 2.71534 2591.974
1331.214 3.773401 2573.134
1308.13 5.109296 2492.9
1354.342 4.000671 2511.996
1291.164 4.845292 2539.704
1400.805 3.614485 2492.793
1386.826 2.96032 2612.714
1392.57 3.117383 2566.456
1077.931 7.669811 2551.262
1049.568 6.901324 2581.295
1112.015 7.638381 2543.736
1042.58 9.258668 2500.25
1075.988 6.12652 2606.793
1106.461 9.208798 2485.251
1047.159 5.708183 2622.74
1015.19 6.873299 2579.813
1012.529 8.669949 2520.272
1146.055 7.402423 2538.056
1143.652 6.607566 2572.352
1034.459 7.772456 2551.41
1157.063 2.557009 2883.754
1137.747 2.173519 2950.407
1206.387 2.380763 2894.711
1224.113 2.631395 2848.826
1117.896 2.425628 2916.127
1091.476 2.750944 2895.336
1149.366 2.877316 2831.059
1086.91 2.923098 2850.56
1160.062 2.33137 2917.177
1125.258 2.640568 2870.307
1173.116 2.102931 2953.374
1204.299 2.874588 2819.762
1227.909 2.086942 2926.269
1117.365 2.88431 2821.642
1241.092 2.315201 2885.574
1834.613 2.651069 2440.584
1735.937 3.008859 2438.766
1800.256 3.014591 2387.089
1872.369 2.871446 2472.963
1653.762 2.645669 2505.5
1612.919 2.039044 2610.167
1659.792 2.150767 2580.326
1622.102 2.407543 2535.773
1622.525 2.112931 2572.625
1632.109 3.021965 2475.339
1567.515 3.098182 2476.822
1122.319 4.000708 2695.544
1075.007 4.684161 2662.812
1133.997 4.90088 2647.621
1137.027 3.377333 2739.853
1146.855 3.194475 2771.679
1176.815 4.290109 2666.199
1177.68 3.618855 2711.522
1769.393 3.265705 2701.895
1840.006 5.058544 2699.211
1838.188 5.049359 2733.584
1738.467 2.725835 2658.117
1785.684 3.507417 2665.316
2057.728 3.257666 2413.697
2146.346 2.387038 2368.093
2094.115 2.818414 2392.949
2165.392 3.416438 2397.724
2065.344 5.943742 2492.267
2191.596 3.039983 2375.236
2330.281 6.463139 2427.926
2284.555 4.466982 2378.455
2247.506 4.156318 2389.252
2261.438 3.140603 2340.764
2289.205 6.91113 2465.919
1628.167 1.288589 2815.197
1588.388 0.8673993 2877.021
1572.42 1.037678 2839.966
1687.045 1.61231 2842.424
1618.433 1.57999 2752.697
1653.505 1.81666 2747.953
1660.484 1.626788 2796.043
1627.298 1.082345 2856.2
1699.352 1.928463 2803.73
1385.144 1.672596 2842.359
1309.406 2.106605 2862.307
1389.419 2.027418 2780.588
1387.89 1.357867 2891.269
1320.52 2.449976 2797.137
1406.229 1.694398 2814.364
1363.729 2.020463 2812.464
1448.063 1.469615 2816.563
1314.479 2.281749 2829.775
1461.812 1.220308 3028.089
1511.473 0.6615223 2996.382
1395.525 1.983005 3050.854
1404.996 1.307837 2991.95
1515.752 0.9448602 3043.311
1478.522 1.54384 3067.284
1481.188 1.994849 3100.48
1420.119 2.352831 3088.42
1441.835 1.084942 2997.17
1442.798 0.8269269 2951.619
1434 1.799415 3057.774
1482.571 0.6803632 2975.684
1295.877 2.844163 2755.374
1265.736 2.929545 2770.768
1260.808 2.749645 2804.98
1344.152 2.785104 2707.552
1301.791 3.0676 2713.441
1385.389 2.383253 2723.402
1257.834 3.188247 2736.685
1342.014 2.482443 2762.979
3528.761 12.25414 2045.002
3571.698 12.33114 2010.849
3596.092 11.3517 2053.498
3472.403 13.2735 1991.743
3466.299 11.95043 2066.812
3564.733 11.38028 2096.353
3517.198 11.83839 2081.41
3509.58 11.38493 2117.243
3516.26 12.80758 2014.078
3562.724 13.36129 1974.504
3157.27 6.175049 1856.169
3187.583 7.450258 1837.233
3194.768 7.529779 1881.626
3119.536 4.67685 1886.734
3227.27 9.095273 1843.255
3117.033 4.791451 1804.799
3102.459 4.165835 1835.067
3174.86 7.002059 1792.444
3166.345 6.284356 1908.275
3131.508 4.993763 1929.316
3195.521 7.304482 1926.433
3240.268 9.46957 1881.603
3209.953 8.349396 1805.486
3536.657 14.62406 1940.703
3562.299 11.73364 2060.75
3438.811 13.05716 1993.769
3518.54 13.53246 1975.829
3466.933 14.2362 1947.731
3500.108 14.81549 1931.479
3484.081 12.53277 2034.135
3705.144 9.586248 2023.043
3743.141 8.401886 2029.46
3679.491 9.617392 2055.883
3690.353 9.049764 2087.708
3765.679 7.31876 2053.698
3657.342 12.0545 1979.756
3719.732 8.511748 2060.761
3755.233 9.402312 1987.306
3718.976 10.83232 1977.156
3649.083 10.9014 2021.543
3635.462 10.56567 2057.215
3708.003 10.29811 2312.308
3682.236 9.971725 2265.99
3646.822 10.82159 2340.523
3679.789 10.80441 2367.614
3751.765 9.770654 2315.165
3740.756 9.169338 2259.945
3785.117 9.025063 2299.717
3745.58 10.1695 2353.109
3708.488 9.309848 2234.797
3831.062 6.643502 2562.992
3830.422 7.776448 2506.671
3878.253 6.33398 2535.502
3859.575 5.376451 2599.842
3818.952 5.781639 2609.493
3759.099 8.076266 2545.396
3791.661 8.436629 2506.785
3907.586 5.090308 2573.877
3863.171 6.559655 2247.316
3831.208 8.277807 2317.173
3841.184 7.534383 2276.261
3923.683 5.898988 2296.867
3815.112 6.651095 2198.462
3889.108 5.124441 2196.574
3896.139 5.798821 2246.352
3825.821 7.375427 2246.781
3610.623 10.41304 2270.752
3677.798 9.502569 2192.919
3667.99 9.840457 2231.095
3607.796 10.39511 2210.385
3626.481 10.58302 2308.354
2413.856 9.581147 2786.761
2449.701 8.388941 2806.469
2376.05 10.03625 2846.003
2343.897 11.24494 2811.964
2413.97 9.842615 2751.013
2433.628 8.409139 2846.228
2451.622 8.779456 2766.367
2440.254 4.964504 3007.879
2477.703 3.584475 3073.251
2366.746 6.250537 3018.411
2468.71 5.320239 2961.383
2422.183 6.377487 2968.219
2393.699 5.213204 3040.194
2511.129 3.961237 2976.422
2441.223 4.089143 3072.604
2511.981 3.451824 3019.064
2411.825 7.809823 3284.721
2350.943 7.501223 3247.005
2339.623 8.442074 3280.847
2367.387 9.169788 3316.316
2475.807 6.091756 3241.704
2472.801 7.718578 3290.722
2394.929 6.653327 3236.963
2433.295 8.82014 3321.315
2393.186 10.19147 3362.409
2526.093 7.058062 2738.781
2568.921 5.034912 2796.878
2561.395 7.047024 2680.974
2565.364 5.95218 2744.085
2505.02 7.009524 2784.04
2475.74 8.659951 2713.15
2542.191 6.157308 2770.027
2491.471 8.582958 2680.118
2525.282 7.981967 2670.24
2554.55 5.002531 2828.132
2598.113 4.594803 2777.825
2490.234 7.932178 2745.75
2510.299 6.227645 2830.892
2608.246 4.9797 2740.051
2514.18 7.792997 2706.567
2648.094 5.82628 2655.704
2649.756 3.65625 2766.684
2643.327 4.565821 2721.216
2605.586 6.482392 2656.603
2689.982 5.425201 2663.236
2711.804 3.735495 2723.172
2622.524 5.451864 2694.337
2687.721 6.360467 2630.218
2616.813 6.916557 2622.631
2672.984 3.698325 2742.233
2677.881 4.483128 2701.661
2726.871 4.737869 2685.856
2656.413 7.163173 2601.454
2723.657 6.909759 2616.023
2739.442 5.94238 2649
2850.308 5.647741 2689.633
2811.358 4.40016 2718.223
2925.393 5.982179 2694.51
2770.978 4.605983 2698.293
2818.048 6.682513 2650.834
2778.348 5.744208 2666.137
2837.098 7.892161 2621.513
2885.319 7.737476 2635.114
2888.798 5.64871 2698.671
2846.718 3.370438 2769.496
2900.421 4.754649 2731.677
2849.702 4.412775 2730.213
2856.654 6.909612 2654.01
2914.342 4.066366 2763.895
2914.461 7.060573 2659.862
2884.61 3.478479 2781.212
2950.028 5.238395 2724.798
2971.122 6.286572 2689.9
2947.471 7.543721 2647.699
3028.835 5.077515 2739.856
2980.033 4.649697 2753.608
3043.593 4.278748 2773.862
2999.059 3.826734 2795.053
3104.327 4.845617 2741.778
3060.281 6.728853 2678.735
3076.155 3.750661 2792.907
3037.415 3.521103 2811.042
3016.251 6.288463 2693.637
3057.748 5.465957 2724.08
3033.324 7.443184 2654.323
3196.856 5.144816 2715.533
3214.221 6.076727 2679.889
3175.776 6.405634 2677.282
3258.364 4.874137 2711.591
3149.103 4.314728 2755.693
3164.151 5.155569 2720.812
3212.497 3.656639 2773.838
3243.856 3.78861 2759.45
3213.153 7.228521 2642.635
3184.582 3.343611 2794.403
3274.269 3.917373 2744.67
3267.124 2.95811 2881.614
3313.417 4.774572 2944.74
3224.912 4.773057 2938.164
3232.391 3.669973 2905.836
3219.791 2.971684 2869.885
3271.953 2.570063 2843.524
3317.611 2.857888 2884.309
3240.063 2.660172 2830.469
3304.684 2.477327 2814.358
3288.28 3.771956 2914.613
3095.436 4.499989 2943.255
3128.644 4.546745 2938.427
3123.54 7.185139 2996.56
3091.818 6.011479 2979.111
3044.69 3.432437 2922.426
3162.389 3.744138 2907.205
3062.924 2.987968 2888.188
3050.92 4.731187 2961.633
3161.905 5.428194 2955.723
3105.926 3.050673 2875.076
3080.641 7.371039 3010.016
2822.381 1.895799 2889.469
2828.217 1.996403 2955.862
2871.981 2.173875 2932.971
2858.814 2.17525 2863.259
2899.951 2.244665 2894.265
2785.413 1.805893 2843.58
2797.844 1.799087 2930.662
2771.187 1.67412 2884.855
2841.889 2.502928 2817.382
2681.273 1.532477 2977.301
2616.053 2.155378 3017.732
2731.789 1.448651 2952.259
2673.299 1.882205 2917.452
2747.333 1.729153 3009.016
2716.253 2.088673 3046.542
2698.526 1.590949 3006.708
2644.316 2.175642 3047.323
2632.232 2.21996 2937.917
2711.667 1.655657 2911.345
2513.938 4.08461 3159.962
2576.346 3.222125 3115.207
2532.008 3.266554 3109.878
2495.211 4.867978 3195.755
2465.532 3.862024 3118.877
2530.839 5.249454 3213.176
2346.417 11.54282 3508.623
2310.609 11.83109 3504.245
2395.642 11.47994 3479.671
2367.272 10.31199 3576.269
2360.655 11.64022 3474.517
2375.572 11.42245 3437.461
2334.444 10.32968 3577.665
2412.547 11.20357 3518.68
2295.993 10.80028 3567.305
2336.076 11.79174 3449.712
2169.287 12.11003 3557.765
2217.124 9.820841 3617.233
2116.677 13.86914 3498.882
2112.267 11.29681 3600.21
2230.192 12.2162 3529.381
2239.913 10.83487 3580.621
2159.848 13.23069 3512.377
2097.5 12.61747 3562.5
2163.12 9.863259 3626.821
2236.364 10.44677 3301.615
2201.891 12.51951 3362.876
2272.638 8.6823 3248.81
2195.264 11.36476 3311.496
2242.431 9.442595 3263.783
2249.392 11.39919 3345.407
2214.934 9.246721 3233.782
2277.408 9.387665 3286.108
2289.914 10.8996 3348.881
1961.752 1.889545 3860.372
1982.092 1.305656 3896.742
1932.205 2.942371 3810.868
1987.695 3.045954 3820.018
2027.33 3.000123 3825.606
1961.975 3.706853 3793.93
1928.068 1.273302 3887.564
2018.544 1.625335 3884.389
1899.622 2.042637 3835.864
