2830.000 592.000
2830.000 480.000
2913.000 480.000
2913.000 592.000
2790.000 430.000
2790.000 348.000
2902.000 348.000
2902.000 430.000
2828.000 191.000
2828.000 80.000
2910.000 80.000
2910.000 191.000
2978.000 208.000
2978.000 96.000
3058.000 96.000
3058.000 208.000
3240.000 205.000
3240.000 96.000
3320.000 96.000
3320.000 205.000
3283.000 436.000
3283.000 350.000
3392.000 350.000
3392.000 436.000
3727.000 217.000
3704.000 136.000
3811.000 107.000
3936.000 187.000
3620.000 323.000
3683.000 266.000
3761.000 344.000
3705.000 404.000
3634.000 583.000
3618.000 500.000
3727.000 482.000
3745.000 560.000
3422.000 742.000
3494.000 698.000
3556.000 795.000
3482.000 838.000
2505.000 638.000
2505.000 138.000
2715.000 138.000
2715.000 638.000
2715.000 638.000
2715.000 503.000
2792.000 503.000
2792.000 638.000